|--------------------------------------------------------------------------------------------------------------------------| 
|  Cut Name                |  CCDIS    |  CohPi+   | CohRho+   | CohJPsi   |   Other   |   Total   |   Data    | Data-Total|
|--------------------------|-----------|-----------|-----------|-----------|-----------|-----------|-----------|-----------| 
|   1) Raw Events          |       0.0 |       0.0 |       0.0 |       0.0 |    7460.0 |    7460.0 |   29142.0 |   21682.0 |
|                          |           |           |           |           |           |           |           |           | 
|   2) OBGfid,Trig+CohGenTh|       0.0 |       0.0 |       0.0 |       0.0 |    7460.0 |    7460.0 |   29142.0 |   21682.0 |
|                          |           |           |           |           |           |           |           |           | 
|   3) Pfermi \& W2        |       0.0 |       0.0 |       0.0 |       0.0 |    7460.0 |    7460.0 |   29142.0 |   21682.0 |
|                          |           |           |           |           |           |           |           |           | 
|   4) Fid. Vol. -X        |       0.0 |       0.0 |       0.0 |       0.0 |    7460.0 |    7460.0 |   25805.0 |   18345.0 |
|                          |           |           |           |           |           |           |           |           | 
|   5) Fid. Vol. -Y        |       0.0 |       0.0 |       0.0 |       0.0 |    7012.7 |    7012.7 |   24382.0 |   17369.3 |
|                          |           |           |           |           |           |           |           |           | 
|   6) Fid. Vol. -Z (OFF)  |       0.0 |       0.0 |       0.0 |       0.0 |    6614.9 |    6614.9 |   23053.0 |   16438.1 |
|                          |           |           |           |           |           |           |           |           | 
|   7) At Least 1 Mu       |       0.0 |       0.0 |       0.0 |       0.0 |    6614.9 |    6614.9 |   23053.0 |   16438.1 |
|                          |           |           |           |           |           |           |           |           | 
|   8) ncand=2,3,4         |       0.0 |       0.0 |       0.0 |       0.0 |    2322.9 |    2322.9 |   23053.0 |   20730.1 |
|                          |           |           |           |           |           |           |           |           | 
|   9) tnchgd=2            |       0.0 |       0.0 |       0.0 |       0.0 |    2322.9 |    2322.9 |   23053.0 |   20730.1 |
|                          |           |           |           |           |           |           |           |           | 
|  10) +/- Tracks (V0)     |       0.0 |       0.0 |       0.0 |       0.0 |    2322.9 |    2322.9 |   23053.0 |   20730.1 |
|                          |           |           |           |           |           |           |           |           | 
|  11) Tube/Veto Cut       |       0.0 |       0.0 |       0.0 |       0.0 |    1765.2 |    1765.2 |   17035.0 |   15269.8 |
|                          |           |           |           |           |           |           |           |           | 
|  12) 2 Muons (1mux)      |       0.0 |       0.0 |       0.0 |       0.0 |    1765.2 |    1765.2 |   17035.0 |   15269.8 |
|                          |           |           |           |           |           |           |           |           | 
|  13) PmuAsym<0.0         |       0.0 |       0.0 |       0.0 |       0.0 |      64.3 |      64.3 |       0.0 |     -64.3 |
|                          |           |           |           |           |           |           |           |           | 
|  14) Theta$<$2.62 rad    |       0.0 |       0.0 |       0.0 |       0.0 |      35.8 |      35.8 |       0.0 |     -35.8 |
|                          |           |           |           |           |           |           |           |           | 
|  15) Pt+wrt- $>$0.05     |       0.0 |       0.0 |       0.0 |       0.0 |      35.8 |      35.8 |       0.0 |     -35.8 |
|                          |           |           |           |           |           |           |           |           | 
|  16) Mee $>$ 2.0  (OFF)  |       0.0 |       0.0 |       0.0 |       0.0 |      35.7 |      35.7 |       0.0 |     -35.7 |
|                          |           |           |           |           |           |           |           |           | 
|  17) Upstream Hanger cut |       0.0 |       0.0 |       0.0 |       0.0 |      35.7 |      35.7 |       0.0 |     -35.7 |
|                          |           |           |           |           |           |           |           |           | 
|  18) nsecond$<$4         |       0.0 |       0.0 |       0.0 |       0.0 |      33.7 |      33.7 |       0.0 |     -33.7 |
|                          |           |           |           |           |           |           |           |           | 
|  19) Fid. Vol. Hanger cut|       0.0 |       0.0 |       0.0 |       0.0 |      32.6 |      32.6 |       0.0 |     -32.6 |
|                          |           |           |           |           |           |           |           |           | 
|  20) No Hangers fromPVert|       0.0 |       0.0 |       0.0 |       0.0 |      28.7 |      28.7 |       0.0 |     -28.7 |
|                          |           |           |           |           |           |           |           |           | 
|  21) Pz$>$0 for tracks   |       0.0 |       0.0 |       0.0 |       0.0 |      25.6 |      25.6 |       0.0 |     -25.6 |
|                          |           |           |           |           |           |           |           |           | 
|  22) Thprimord$<$0.4     |       0.0 |       0.0 |       0.0 |       0.0 |      25.5 |      25.5 |       0.0 |     -25.5 |
|                          |           |           |           |           |           |           |           |           | 
|  23) Nunh*fracunh$<$200  |       0.0 |       0.0 |       0.0 |       0.0 |      23.3 |      23.3 |       0.0 |     -23.3 |
|                          |           |           |           |           |           |           |           |           | 
|  24) Emumu$>$2GeV        |       0.0 |       0.0 |       0.0 |       0.0 |      23.3 |      23.3 |       0.0 |     -23.3 |
|                          |           |           |           |           |           |           |           |           | 
|  25) P+,P-$>$0.5         |       0.0 |       0.0 |       0.0 |       0.0 |      23.3 |      23.3 |       0.0 |     -23.3 |
|                          |           |           |           |           |           |           |           |           | 
|  26) P+,P-$>$1.0 (2.5mux)|       0.0 |       0.0 |       0.0 |       0.0 |      20.9 |      20.9 |       0.0 |     -20.9 |
|                          |           |           |           |           |           |           |           |           | 
|  27) Emumu$>$5GeV  (8mux)|       0.0 |       0.0 |       0.0 |       0.0 |      10.2 |      10.2 |       0.0 |     -10.2 |
|                          |           |           |           |           |           |           |           |           | 
|  28) Phi12$>$90deg  (OFF)|       0.0 |       0.0 |       0.0 |       0.0 |       9.2 |       9.2 |       0.0 |      -9.2 |
|                          |           |           |           |           |           |           |           |           | 
|  29) Pmumu$>$10GeV  (OFF)|       0.0 |       0.0 |       0.0 |       0.0 |       9.2 |       9.2 |       0.0 |      -9.2 |
|                          |           |           |           |           |           |           |           |           | 
|  30) No cut, not set     |       0.0 |       0.0 |       0.0 |       0.0 |       9.2 |       9.2 |       0.0 |      -9.2 |
|                          |           |           |           |           |           |           |           |           | 
|--------------------------------------------------------------------------------------------------------------------------| 
