|--------------------------------------------------------------------------------------------------------------------------| 
|  Cut Name                |  CCDIS    |  CohPi+   | CohRho+   | CohJPsi   |   Other   |   Total   |   Data    | Data-Total|
|--------------------------|-----------|-----------|-----------|-----------|-----------|-----------|-----------|-----------| 
|   1) Raw Events          |       0.0 |       0.0 |       0.0 |       0.0 |      78.1 |      78.1 |    2822.0 |    2743.9 |
|                          |           |           |           |           |           |           |           |           | 
|   2) OBGfid,Trig+CohGenTh|       0.0 |       0.0 |       0.0 |       0.0 |      78.1 |      78.1 |    2822.0 |    2743.9 |
|                          |           |           |           |           |           |           |           |           | 
|   3) Pfermi \& W2        |       0.0 |       0.0 |       0.0 |       0.0 |      78.1 |      78.1 |    2822.0 |    2743.9 |
|                          |           |           |           |           |           |           |           |           | 
|   4) Fid. Vol. -X        |       0.0 |       0.0 |       0.0 |       0.0 |      78.1 |      78.1 |    2503.0 |    2424.9 |
|                          |           |           |           |           |           |           |           |           | 
|   5) Fid. Vol. -Y        |       0.0 |       0.0 |       0.0 |       0.0 |      72.9 |      72.9 |    2392.0 |    2319.1 |
|                          |           |           |           |           |           |           |           |           | 
|   6) Fid. Vol. -Z (OFF)  |       0.0 |       0.0 |       0.0 |       0.0 |      68.1 |      68.1 |    2277.0 |    2208.9 |
|                          |           |           |           |           |           |           |           |           | 
|   7) At Least 1 Mu       |       0.0 |       0.0 |       0.0 |       0.0 |      68.1 |      68.1 |    2277.0 |    2208.9 |
|                          |           |           |           |           |           |           |           |           | 
|   8) ncand=2,3,4         |       0.0 |       0.0 |       0.0 |       0.0 |      68.1 |      68.1 |    2277.0 |    2208.9 |
|                          |           |           |           |           |           |           |           |           | 
|   9) tnchgd=2            |       0.0 |       0.0 |       0.0 |       0.0 |      68.1 |      68.1 |    2277.0 |    2208.9 |
|                          |           |           |           |           |           |           |           |           | 
|  10) +/- Tracks (V0)     |       0.0 |       0.0 |       0.0 |       0.0 |      68.1 |      68.1 |    2277.0 |    2208.9 |
|                          |           |           |           |           |           |           |           |           | 
|  11) Tube/Veto Cut       |       0.0 |       0.0 |       0.0 |       0.0 |      51.4 |      51.4 |    1822.0 |    1770.6 |
|                          |           |           |           |           |           |           |           |           | 
|  12) 2 Muons (1mux)      |       0.0 |       0.0 |       0.0 |       0.0 |      51.4 |      51.4 |    1822.0 |    1770.6 |
|                          |           |           |           |           |           |           |           |           | 
|  13) PmuAsym<0.0         |       0.0 |       0.0 |       0.0 |       0.0 |       1.7 |       1.7 |       0.0 |      -1.7 |
|                          |           |           |           |           |           |           |           |           | 
|  14) Theta$<$2.62 rad    |       0.0 |       0.0 |       0.0 |       0.0 |       1.1 |       1.1 |       0.0 |      -1.1 |
|                          |           |           |           |           |           |           |           |           | 
|  15) Pt+wrt- $>$0.05     |       0.0 |       0.0 |       0.0 |       0.0 |       1.1 |       1.1 |       0.0 |      -1.1 |
|                          |           |           |           |           |           |           |           |           | 
|  16) Mee $>$ 2.0  (OFF)  |       0.0 |       0.0 |       0.0 |       0.0 |       1.1 |       1.1 |       0.0 |      -1.1 |
|                          |           |           |           |           |           |           |           |           | 
|  17) Upstream Hanger cut |       0.0 |       0.0 |       0.0 |       0.0 |       1.1 |       1.1 |       0.0 |      -1.1 |
|                          |           |           |           |           |           |           |           |           | 
|  18) nsecond$<$4         |       0.0 |       0.0 |       0.0 |       0.0 |       1.1 |       1.1 |       0.0 |      -1.1 |
|                          |           |           |           |           |           |           |           |           | 
|  19) Fid. Vol. Hanger cut|       0.0 |       0.0 |       0.0 |       0.0 |       1.1 |       1.1 |       0.0 |      -1.1 |
|                          |           |           |           |           |           |           |           |           | 
|  20) No Hangers fromPVert|       0.0 |       0.0 |       0.0 |       0.0 |       0.9 |       0.9 |       0.0 |      -0.9 |
|                          |           |           |           |           |           |           |           |           | 
|  21) Pz$>$0 for tracks   |       0.0 |       0.0 |       0.0 |       0.0 |       0.7 |       0.7 |       0.0 |      -0.7 |
|                          |           |           |           |           |           |           |           |           | 
|  22) Thprimord$<$0.4     |       0.0 |       0.0 |       0.0 |       0.0 |       0.7 |       0.7 |       0.0 |      -0.7 |
|                          |           |           |           |           |           |           |           |           | 
|  23) Nunh*fracunh$<$200  |       0.0 |       0.0 |       0.0 |       0.0 |       0.7 |       0.7 |       0.0 |      -0.7 |
|                          |           |           |           |           |           |           |           |           | 
|  24) Emumu$>$2GeV        |       0.0 |       0.0 |       0.0 |       0.0 |       0.7 |       0.7 |       0.0 |      -0.7 |
|                          |           |           |           |           |           |           |           |           | 
|  25) P+,P-$>$0.5         |       0.0 |       0.0 |       0.0 |       0.0 |       0.7 |       0.7 |       0.0 |      -0.7 |
|                          |           |           |           |           |           |           |           |           | 
|  26) P+,P-$>$1.0 (2.5mux)|       0.0 |       0.0 |       0.0 |       0.0 |       0.6 |       0.6 |       0.0 |      -0.6 |
|                          |           |           |           |           |           |           |           |           | 
|  27) Emumu$>$5GeV  (8mux)|       0.0 |       0.0 |       0.0 |       0.0 |       0.3 |       0.3 |       0.0 |      -0.3 |
|                          |           |           |           |           |           |           |           |           | 
|  28) Phi12$>$90deg  (OFF)|       0.0 |       0.0 |       0.0 |       0.0 |       0.3 |       0.3 |       0.0 |      -0.3 |
|                          |           |           |           |           |           |           |           |           | 
|  29) Pmumu$>$10GeV  (OFF)|       0.0 |       0.0 |       0.0 |       0.0 |       0.3 |       0.3 |       0.0 |      -0.3 |
|                          |           |           |           |           |           |           |           |           | 
|  30) No cut, not set     |       0.0 |       0.0 |       0.0 |       0.0 |       0.3 |       0.3 |       0.0 |      -0.3 |
|                          |           |           |           |           |           |           |           |           | 
|--------------------------------------------------------------------------------------------------------------------------| 
