|--------------------------------------------------------------------------------------------------------------------------| 
|  Cut Name                |  CCDIS    |  CohPi+   | CohRho+   | CohJPsi   |   Other   |   Total   |   Data    | Data-Total|
|--------------------------|-----------|-----------|-----------|-----------|-----------|-----------|-----------|-----------| 
|   1) Raw Events          |   13492.1 |       0.0 |       0.0 |       1.2 |    7460.0 |   20953.3 |   29142.0 |    8188.7 |
|                          |           |           |           |           |           |           |           |           | 
|   2) OBGfid,Trig+CohGenTh|   13492.1 |       0.0 |       0.0 |       1.2 |    7460.0 |   20953.3 |   29142.0 |    8188.7 |
|                          |           |           |           |           |           |           |           |           | 
|   3) Pfermi \& W2        |   13492.1 |       0.0 |       0.0 |       1.2 |    7460.0 |   20953.3 |   29142.0 |    8188.7 |
|                          |           |           |           |           |           |           |           |           | 
|   4) Fid. Vol. -X        |   13492.1 |       0.0 |       0.0 |       1.2 |    7460.0 |   20953.3 |   25805.0 |    4851.7 |
|                          |           |           |           |           |           |           |           |           | 
|   5) Fid. Vol. -Y        |   12751.9 |       0.0 |       0.0 |       1.2 |    7012.7 |   19765.8 |   24382.0 |    4616.2 |
|                          |           |           |           |           |           |           |           |           | 
|   6) Fid. Vol. -Z (OFF)  |   12017.5 |       0.0 |       0.0 |       1.2 |    6614.9 |   18633.6 |   23053.0 |    4419.4 |
|                          |           |           |           |           |           |           |           |           | 
|   7) At Least 1 Mu       |   12017.5 |       0.0 |       0.0 |       1.2 |    6614.9 |   18633.6 |   23053.0 |    4419.4 |
|                          |           |           |           |           |           |           |           |           | 
|   8) ncand=2,3,4         |   12017.5 |       0.0 |       0.0 |       1.2 |    2322.9 |   14341.6 |   23053.0 |    8711.4 |
|                          |           |           |           |           |           |           |           |           | 
|   9) tnchgd=2            |   12017.5 |       0.0 |       0.0 |       1.2 |    2322.9 |   14341.6 |   23053.0 |    8711.4 |
|                          |           |           |           |           |           |           |           |           | 
|  10) +/- Tracks (V0)     |   12017.5 |       0.0 |       0.0 |       1.2 |    2322.9 |   14341.6 |   23053.0 |    8711.4 |
|                          |           |           |           |           |           |           |           |           | 
|  11) Tube/Veto Cut       |    9400.5 |       0.0 |       0.0 |       1.2 |    1765.2 |   11166.9 |   17035.0 |    5868.1 |
|                          |           |           |           |           |           |           |           |           | 
|  12) 2 Muons (1mux)      |    9400.5 |       0.0 |       0.0 |       1.2 |    1765.2 |   11166.9 |   17035.0 |    5868.1 |
|                          |           |           |           |           |           |           |           |           | 
|  13) PmuAsym<0.0         |    8004.7 |       0.0 |       0.0 |       0.9 |    1273.9 |    9279.5 |   14384.0 |    5104.5 |
|                          |           |           |           |           |           |           |           |           | 
|  14) Theta$<$2.62 rad    |    1463.0 |       0.0 |       0.0 |       0.6 |     778.8 |    2242.4 |    2703.0 |     460.6 |
|                          |           |           |           |           |           |           |           |           | 
|  15) Pt+wrt- $>$0.05     |    1455.8 |       0.0 |       0.0 |       0.6 |     777.3 |    2233.7 |    2673.0 |     439.3 |
|                          |           |           |           |           |           |           |           |           | 
|  16) Mee $>$ 2.0  (OFF)  |    1455.3 |       0.0 |       0.0 |       0.6 |     776.2 |    2232.1 |    2668.0 |     435.9 |
|                          |           |           |           |           |           |           |           |           | 
|  17) Upstream Hanger cut |    1455.3 |       0.0 |       0.0 |       0.6 |     776.2 |    2232.1 |    2668.0 |     435.9 |
|                          |           |           |           |           |           |           |           |           | 
|  18) nsecond$<$4         |    1386.5 |       0.0 |       0.0 |       0.6 |     741.0 |    2128.1 |    2574.0 |     445.9 |
|                          |           |           |           |           |           |           |           |           | 
|  19) Fid. Vol. Hanger cut|    1338.2 |       0.0 |       0.0 |       0.6 |     716.4 |    2055.2 |    2309.0 |     253.8 |
|                          |           |           |           |           |           |           |           |           | 
|  20) No Hangers fromPVert|    1177.6 |       0.0 |       0.0 |       0.6 |     632.6 |    1810.8 |    1903.0 |      92.2 |
|                          |           |           |           |           |           |           |           |           | 
|  21) Pz$>$0 for tracks   |    1034.2 |       0.0 |       0.0 |       0.3 |     560.8 |    1595.3 |    1654.0 |      58.7 |
|                          |           |           |           |           |           |           |           |           | 
|  22) Thprimord$<$0.4     |    1034.2 |       0.0 |       0.0 |       0.3 |     560.8 |    1595.3 |    1652.0 |      56.7 |
|                          |           |           |           |           |           |           |           |           | 
|  23) Nunh*fracunh$<$200  |     940.6 |       0.0 |       0.0 |       0.3 |     519.8 |    1460.7 |    1322.0 |    -138.7 |
|                          |           |           |           |           |           |           |           |           | 
|  24) Emumu$>$2GeV        |     940.2 |       0.0 |       0.0 |       0.3 |     519.8 |    1460.3 |    1289.0 |    -171.3 |
|                          |           |           |           |           |           |           |           |           | 
|  25) P+,P-$>$0.5         |     940.2 |       0.0 |       0.0 |       0.3 |     519.8 |    1460.3 |    1289.0 |    -171.3 |
|                          |           |           |           |           |           |           |           |           | 
|  26) P+,P-$>$1.0 (2.5mux)|     940.2 |       0.0 |       0.0 |       0.3 |     519.8 |    1460.3 |    1289.0 |    -171.3 |
|                          |           |           |           |           |           |           |           |           | 
|  27) Emumu$>$5GeV  (8mux)|     940.2 |       0.0 |       0.0 |       0.3 |     519.8 |    1460.3 |    1289.0 |    -171.3 |
|                          |           |           |           |           |           |           |           |           | 
|  28) Phi12$>$90deg  (OFF)|     937.7 |       0.0 |       0.0 |       0.3 |     519.2 |    1457.2 |    1286.0 |    -171.2 |
|                          |           |           |           |           |           |           |           |           | 
|  29) Pmumu$>$10GeV  (OFF)|     937.7 |       0.0 |       0.0 |       0.3 |     519.2 |    1457.2 |    1286.0 |    -171.2 |
|                          |           |           |           |           |           |           |           |           | 
|  30) No cut, not set     |     937.7 |       0.0 |       0.0 |       0.3 |     519.2 |    1457.2 |    1286.0 |    -171.2 |
|                          |           |           |           |           |           |           |           |           | 
|--------------------------------------------------------------------------------------------------------------------------| 
