|--------------------------------------------------------------------------------------------------------------------------| 
|  Cut Name                |  CCDIS    |  CohPi+   | CohRho+   | CohJPsi   |   Other   |   Total   |   Data    | Data-Total|
|--------------------------|-----------|-----------|-----------|-----------|-----------|-----------|-----------|-----------| 
|   1) Raw Events          |       0.0 |       0.0 |       0.0 |       0.0 |    3961.4 |    3961.4 |    9792.0 |    5830.6 |
|                          |           |           |           |           |           |           |           |           | 
|   2) OBGfid,Trig+CohGenTh|       0.0 |       0.0 |       0.0 |       0.0 |    3961.4 |    3961.4 |    9792.0 |    5830.6 |
|                          |           |           |           |           |           |           |           |           | 
|   3) Pfermi \& W2        |       0.0 |       0.0 |       0.0 |       0.0 |    3961.4 |    3961.4 |    9792.0 |    5830.6 |
|                          |           |           |           |           |           |           |           |           | 
|   4) Fid. Vol. -X        |       0.0 |       0.0 |       0.0 |       0.0 |    3961.4 |    3961.4 |    8798.0 |    4836.6 |
|                          |           |           |           |           |           |           |           |           | 
|   5) Fid. Vol. -Y        |       0.0 |       0.0 |       0.0 |       0.0 |    3751.8 |    3751.8 |    7714.0 |    3962.2 |
|                          |           |           |           |           |           |           |           |           | 
|   6) Fid. Vol. -Z (OFF)  |       0.0 |       0.0 |       0.0 |       0.0 |    3544.2 |    3544.2 |    6454.0 |    2909.8 |
|                          |           |           |           |           |           |           |           |           | 
|   7) At Least 1 Mu       |       0.0 |       0.0 |       0.0 |       0.0 |    3544.2 |    3544.2 |    6454.0 |    2909.8 |
|                          |           |           |           |           |           |           |           |           | 
|   8) ncand=2,3,4         |       0.0 |       0.0 |       0.0 |       0.0 |     271.2 |     271.2 |    6454.0 |    6182.8 |
|                          |           |           |           |           |           |           |           |           | 
|   9) tnchgd=2            |       0.0 |       0.0 |       0.0 |       0.0 |     271.2 |     271.2 |    6454.0 |    6182.8 |
|                          |           |           |           |           |           |           |           |           | 
|  10) +/- Tracks (V0)     |       0.0 |       0.0 |       0.0 |       0.0 |     271.2 |     271.2 |    6454.0 |    6182.8 |
|                          |           |           |           |           |           |           |           |           | 
|  11) Tube/Veto Cut       |       0.0 |       0.0 |       0.0 |       0.0 |     234.6 |     234.6 |    4050.0 |    3815.4 |
|                          |           |           |           |           |           |           |           |           | 
|  12) 2 Muons (1mux)      |       0.0 |       0.0 |       0.0 |       0.0 |     234.6 |     234.6 |    4050.0 |    3815.4 |
|                          |           |           |           |           |           |           |           |           | 
|  13) PmuAsym<0.0         |       0.0 |       0.0 |       0.0 |       0.0 |      36.4 |      36.4 |       0.0 |     -36.4 |
|                          |           |           |           |           |           |           |           |           | 
|  14) Theta$<$2.62 rad    |       0.0 |       0.0 |       0.0 |       0.0 |      15.1 |      15.1 |       0.0 |     -15.1 |
|                          |           |           |           |           |           |           |           |           | 
|  15) Pt+wrt- $>$0.05     |       0.0 |       0.0 |       0.0 |       0.0 |      15.1 |      15.1 |       0.0 |     -15.1 |
|                          |           |           |           |           |           |           |           |           | 
|  16) Mee $>$ 2.0  (OFF)  |       0.0 |       0.0 |       0.0 |       0.0 |      15.0 |      15.0 |       0.0 |     -15.0 |
|                          |           |           |           |           |           |           |           |           | 
|  17) Upstream Hanger cut |       0.0 |       0.0 |       0.0 |       0.0 |      15.0 |      15.0 |       0.0 |     -15.0 |
|                          |           |           |           |           |           |           |           |           | 
|  18) nsecond$<$4         |       0.0 |       0.0 |       0.0 |       0.0 |      14.7 |      14.7 |       0.0 |     -14.7 |
|                          |           |           |           |           |           |           |           |           | 
|  19) Fid. Vol. Hanger cut|       0.0 |       0.0 |       0.0 |       0.0 |      14.6 |      14.6 |       0.0 |     -14.6 |
|                          |           |           |           |           |           |           |           |           | 
|  20) No Hangers fromPVert|       0.0 |       0.0 |       0.0 |       0.0 |      13.5 |      13.5 |       0.0 |     -13.5 |
|                          |           |           |           |           |           |           |           |           | 
|  21) Pz$>$0 for tracks   |       0.0 |       0.0 |       0.0 |       0.0 |      13.2 |      13.2 |       0.0 |     -13.2 |
|                          |           |           |           |           |           |           |           |           | 
|  22) Thprimord$<$0.4     |       0.0 |       0.0 |       0.0 |       0.0 |      13.2 |      13.2 |       0.0 |     -13.2 |
|                          |           |           |           |           |           |           |           |           | 
|  23) Nunh*fracunh$<$200  |       0.0 |       0.0 |       0.0 |       0.0 |      12.8 |      12.8 |       0.0 |     -12.8 |
|                          |           |           |           |           |           |           |           |           | 
|  24) Emumu$>$2GeV        |       0.0 |       0.0 |       0.0 |       0.0 |      12.8 |      12.8 |       0.0 |     -12.8 |
|                          |           |           |           |           |           |           |           |           | 
|  25) P+,P-$>$0.5         |       0.0 |       0.0 |       0.0 |       0.0 |      12.8 |      12.8 |       0.0 |     -12.8 |
|                          |           |           |           |           |           |           |           |           | 
|  26) P+,P-$>$1.0 (2.5mux)|       0.0 |       0.0 |       0.0 |       0.0 |      11.7 |      11.7 |       0.0 |     -11.7 |
|                          |           |           |           |           |           |           |           |           | 
|  27) Emumu$>$5GeV  (8mux)|       0.0 |       0.0 |       0.0 |       0.0 |       8.1 |       8.1 |       0.0 |      -8.1 |
|                          |           |           |           |           |           |           |           |           | 
|  28) Phi12$>$90deg  (OFF)|       0.0 |       0.0 |       0.0 |       0.0 |       7.1 |       7.1 |       0.0 |      -7.1 |
|                          |           |           |           |           |           |           |           |           | 
|  29) Pmumu$>$10GeV  (OFF)|       0.0 |       0.0 |       0.0 |       0.0 |       7.1 |       7.1 |       0.0 |      -7.1 |
|                          |           |           |           |           |           |           |           |           | 
|  30) No cut, not set     |       0.0 |       0.0 |       0.0 |       0.0 |       7.1 |       7.1 |       0.0 |      -7.1 |
|                          |           |           |           |           |           |           |           |           | 
|--------------------------------------------------------------------------------------------------------------------------| 
